id	effectiveTime	active	moduleId	refsetId	referencedComponentId	sourceEffectiveTime	targetEffectiveTime
6d6d2700-658a-b414-33b5-2c1d24f3cf8a	20231115	1	11000274103	900000000000534007	900000000000207008	20231115	20231001
6d6d2700-658a-b414-33b5-2c1d24f3cf8a	20240115	1	11000274103	900000000000534007	900000000000207008	20240115	20240101
6d6d2700-658a-b414-33b5-2c1d24f3cf8a	20240415	1	11000274103	900000000000534007	900000000000207008	20240415	20240401
6d6d2700-658a-b414-33b5-2c1d24f3cf8a	20240711	1	11000274103	900000000000534007	900000000000207008	20240711	20240401
b3f5eb17-831f-11ee-bd1c-38f3ab70978c	20231115	1	11000274103	900000000000534007	900000000000012004	20231115	20231001
b3f5eb17-831f-11ee-bd1c-38f3ab70978c	20240115	1	11000274103	900000000000534007	900000000000012004	20240115	20240101
b3f5eb17-831f-11ee-bd1c-38f3ab70978c	20240415	1	11000274103	900000000000534007	900000000000012004	20240415	20240401
b3f5eb17-831f-11ee-bd1c-38f3ab70978c	20240711	1	11000274103	900000000000534007	900000000000012004	20240711	20240401
f6431457-161b-5b46-9217-573c20c00070	20130731	1	449080006	900000000000534007	900000000000012004	20130731	20130731
f6431457-161b-5b46-9217-573c20c00070	20140131	1	449080006	900000000000534007	900000000000012004	20140131	20140131
f6431457-161b-5b46-9217-573c20c00070	20140731	1	449080006	900000000000534007	900000000000012004	20140731	20140731
f6431457-161b-5b46-9217-573c20c00070	20150131	1	449080006	900000000000534007	900000000000012004	20150131	20150131
f6431457-161b-5b46-9217-573c20c00070	20150731	1	449080006	900000000000534007	900000000000012004	20150731	20150731
f6431457-161b-5b46-9217-573c20c00070	20160131	1	449080006	900000000000534007	900000000000012004	20160131	20160131
f6431457-161b-5b46-9217-573c20c00070	20160731	1	449080006	900000000000534007	900000000000012004	20160731	20160731
f6431457-161b-5b46-9217-573c20c00070	20170131	1	449080006	900000000000534007	900000000000012004	20170131	20170131
f6431457-161b-5b46-9217-573c20c00070	20170731	1	449080006	900000000000534007	900000000000012004	20170731	20170731
f6431457-161b-5b46-9217-573c20c00070	20180131	1	449080006	900000000000534007	900000000000012004	20180131	20180131
f6431457-161b-5b46-9217-573c20c00070	20180731	1	449080006	900000000000534007	900000000000012004	20180731	20180731
f6431457-161b-5b46-9217-573c20c00070	20190131	1	449080006	900000000000534007	900000000000012004	20190131	20190131
f6431457-161b-5b46-9217-573c20c00070	20190731	1	449080006	900000000000534007	900000000000012004	20190731	20190731
f6431457-161b-5b46-9217-573c20c00070	20200131	1	449080006	900000000000534007	900000000000012004	20200131	20200131
f6431457-161b-5b46-9217-573c20c00070	20200309	1	449080006	900000000000534007	900000000000012004	20200309	20200309
f6431457-161b-5b46-9217-573c20c00070	20200731	1	449080006	900000000000534007	900000000000012004	20200731	20200731
f6431457-161b-5b46-9217-573c20c00070	20210131	1	449080006	900000000000534007	900000000000012004	20210131	20210131
f6431457-161b-5b46-9217-573c20c00070	20210731	1	449080006	900000000000534007	900000000000012004	20210731	20210731
f6431457-161b-5b46-9217-573c20c00070	20210930	1	449080006	900000000000534007	900000000000012004	20210930	20210930
f6431457-161b-5b46-9217-573c20c00070	20211031	1	449080006	900000000000534007	900000000000012004	20211031	20211031
f6431457-161b-5b46-9217-573c20c00070	20211130	1	449080006	900000000000534007	900000000000012004	20211130	20211130
f6431457-161b-5b46-9217-573c20c00070	20220131	1	449080006	900000000000534007	900000000000012004	20220131	20220131
f6431457-161b-5b46-9217-573c20c00070	20220228	1	449080006	900000000000534007	900000000000012004	20220228	20220228
f6431457-161b-5b46-9217-573c20c00070	20220331	1	449080006	900000000000534007	900000000000012004	20220331	20220331
f6431457-161b-5b46-9217-573c20c00070	20220430	1	449080006	900000000000534007	900000000000012004	20220430	20220430
f6431457-161b-5b46-9217-573c20c00070	20220531	1	449080006	900000000000534007	900000000000012004	20220531	20220531
f6431457-161b-5b46-9217-573c20c00070	20220630	1	449080006	900000000000534007	900000000000012004	20220630	20220630
f6431457-161b-5b46-9217-573c20c00070	20220731	1	449080006	900000000000534007	900000000000012004	20220731	20220731
f6431457-161b-5b46-9217-573c20c00070	20220831	1	449080006	900000000000534007	900000000000012004	20220831	20220831
f6431457-161b-5b46-9217-573c20c00070	20220930	1	449080006	900000000000534007	900000000000012004	20220930	20220930
f6431457-161b-5b46-9217-573c20c00070	20221031	1	449080006	900000000000534007	900000000000012004	20221031	20221031
f6431457-161b-5b46-9217-573c20c00070	20221130	1	449080006	900000000000534007	900000000000012004	20221130	20221130
f6431457-161b-5b46-9217-573c20c00070	20221231	1	449080006	900000000000534007	900000000000012004	20221231	20221231
f6431457-161b-5b46-9217-573c20c00070	20230131	1	449080006	900000000000534007	900000000000012004	20230131	20230131
f6431457-161b-5b46-9217-573c20c00070	20230228	1	449080006	900000000000534007	900000000000012004	20230228	20230228
f6431457-161b-5b46-9217-573c20c00070	20230331	1	449080006	900000000000534007	900000000000012004	20230331	20230331
f6431457-161b-5b46-9217-573c20c00070	20230430	1	449080006	900000000000534007	900000000000012004	20230430	20230430
f6431457-161b-5b46-9217-573c20c00070	20230531	1	449080006	900000000000534007	900000000000012004	20230531	20230531
f6431457-161b-5b46-9217-573c20c00070	20230630	1	449080006	900000000000534007	900000000000012004	20230630	20230630
f6431457-161b-5b46-9217-573c20c00070	20230731	1	449080006	900000000000534007	900000000000012004	20230731	20230731
f6431457-161b-5b46-9217-573c20c00070	20230901	1	449080006	900000000000534007	900000000000012004	20230901	20230901
f6431457-161b-5b46-9217-573c20c00070	20231001	1	449080006	900000000000534007	900000000000012004	20231001	20231001
f6431457-161b-5b46-9217-573c20c00070	20231101	1	449080006	900000000000534007	900000000000012004	20231101	20231101
f6431457-161b-5b46-9217-573c20c00070	20231201	1	449080006	900000000000534007	900000000000012004	20231201	20231201
f6431457-161b-5b46-9217-573c20c00070	20240101	1	449080006	900000000000534007	900000000000012004	20240101	20240101
f6431457-161b-5b46-9217-573c20c00070	20240201	1	449080006	900000000000534007	900000000000012004	20240201	20240201
f6431457-161b-5b46-9217-573c20c00070	20240301	1	449080006	900000000000534007	900000000000012004	20240301	20240301
f6431457-161b-5b46-9217-573c20c00070	20240401	1	449080006	900000000000534007	900000000000012004	20240401	20240401
f6431457-161b-5b46-9217-573c20c00070	20240501	1	449080006	900000000000534007	900000000000012004	20240501	20240501
f6431457-161b-5b46-9217-573c20c00070	20240601	1	449080006	900000000000534007	900000000000012004	20240601	20240601
f6431457-161b-5b46-9217-573c20c00070	20240701	1	449080006	900000000000534007	900000000000012004	20240701	20240701
f6431457-161b-5b46-9217-573c20c00070	20240801	1	449080006	900000000000534007	900000000000012004	20240801	20240801
f6431457-161b-5b46-9217-573c20c00070	20240901	1	449080006	900000000000534007	900000000000012004	20240901	20240901
f6431457-161b-5b46-9217-573c20c00070	20241001	1	449080006	900000000000534007	900000000000012004	20241001	20241001
1244116f-fdb5-5645-afcc-5281288409da	20020131	1	900000000000207008	900000000000534007	900000000000012004	20020131	20020131
1244116f-fdb5-5645-afcc-5281288409da	20020731	1	900000000000207008	900000000000534007	900000000000012004	20020731	20020131
1244116f-fdb5-5645-afcc-5281288409da	20030131	1	900000000000207008	900000000000534007	900000000000012004	20030131	20020131
1244116f-fdb5-5645-afcc-5281288409da	20030731	1	900000000000207008	900000000000534007	900000000000012004	20030731	20020131
1244116f-fdb5-5645-afcc-5281288409da	20040131	1	900000000000207008	900000000000534007	900000000000012004	20040131	20020131
1244116f-fdb5-5645-afcc-5281288409da	20040731	1	900000000000207008	900000000000534007	900000000000012004	20040731	20020131
1244116f-fdb5-5645-afcc-5281288409da	20050131	1	900000000000207008	900000000000534007	900000000000012004	20050131	20020131
1244116f-fdb5-5645-afcc-5281288409da	20050731	1	900000000000207008	900000000000534007	900000000000012004	20050731	20020131
1244116f-fdb5-5645-afcc-5281288409da	20060131	1	900000000000207008	900000000000534007	900000000000012004	20060131	20020131
1244116f-fdb5-5645-afcc-5281288409da	20060731	1	900000000000207008	900000000000534007	900000000000012004	20060731	20020131
1244116f-fdb5-5645-afcc-5281288409da	20070131	1	900000000000207008	900000000000534007	900000000000012004	20070131	20020131
1244116f-fdb5-5645-afcc-5281288409da	20070731	1	900000000000207008	900000000000534007	900000000000012004	20070731	20020131
1244116f-fdb5-5645-afcc-5281288409da	20080131	1	900000000000207008	900000000000534007	900000000000012004	20080131	20020131
1244116f-fdb5-5645-afcc-5281288409da	20080731	1	900000000000207008	900000000000534007	900000000000012004	20080731	20020131
1244116f-fdb5-5645-afcc-5281288409da	20090131	1	900000000000207008	900000000000534007	900000000000012004	20090131	20020131
1244116f-fdb5-5645-afcc-5281288409da	20090731	1	900000000000207008	900000000000534007	900000000000012004	20090731	20020131
1244116f-fdb5-5645-afcc-5281288409da	20100131	1	900000000000207008	900000000000534007	900000000000012004	20100131	20020131
1244116f-fdb5-5645-afcc-5281288409da	20100731	1	900000000000207008	900000000000534007	900000000000012004	20100731	20020131
1244116f-fdb5-5645-afcc-5281288409da	20110131	1	900000000000207008	900000000000534007	900000000000012004	20110131	20110131
1244116f-fdb5-5645-afcc-5281288409da	20110731	1	900000000000207008	900000000000534007	900000000000012004	20110731	20110731
1244116f-fdb5-5645-afcc-5281288409da	20120131	1	900000000000207008	900000000000534007	900000000000012004	20120131	20120131
1244116f-fdb5-5645-afcc-5281288409da	20120731	1	900000000000207008	900000000000534007	900000000000012004	20120731	20120731
1244116f-fdb5-5645-afcc-5281288409da	20130131	1	900000000000207008	900000000000534007	900000000000012004	20130131	20130131
1244116f-fdb5-5645-afcc-5281288409da	20130731	1	900000000000207008	900000000000534007	900000000000012004	20130731	20130731
1244116f-fdb5-5645-afcc-5281288409da	20140131	1	900000000000207008	900000000000534007	900000000000012004	20140131	20140131
1244116f-fdb5-5645-afcc-5281288409da	20140731	1	900000000000207008	900000000000534007	900000000000012004	20140731	20140731
1244116f-fdb5-5645-afcc-5281288409da	20150131	1	900000000000207008	900000000000534007	900000000000012004	20150131	20150131
1244116f-fdb5-5645-afcc-5281288409da	20150731	1	900000000000207008	900000000000534007	900000000000012004	20150731	20150731
1244116f-fdb5-5645-afcc-5281288409da	20160131	1	900000000000207008	900000000000534007	900000000000012004	20160131	20160131
1244116f-fdb5-5645-afcc-5281288409da	20160731	1	900000000000207008	900000000000534007	900000000000012004	20160731	20160731
1244116f-fdb5-5645-afcc-5281288409da	20170131	1	900000000000207008	900000000000534007	900000000000012004	20170131	20170131
1244116f-fdb5-5645-afcc-5281288409da	20170731	1	900000000000207008	900000000000534007	900000000000012004	20170731	20170731
1244116f-fdb5-5645-afcc-5281288409da	20180131	1	900000000000207008	900000000000534007	900000000000012004	20180131	20180131
1244116f-fdb5-5645-afcc-5281288409da	20180731	1	900000000000207008	900000000000534007	900000000000012004	20180731	20180731
1244116f-fdb5-5645-afcc-5281288409da	20190131	1	900000000000207008	900000000000534007	900000000000012004	20190131	20190131
1244116f-fdb5-5645-afcc-5281288409da	20190731	1	900000000000207008	900000000000534007	900000000000012004	20190731	20190731
1244116f-fdb5-5645-afcc-5281288409da	20200131	1	900000000000207008	900000000000534007	900000000000012004	20200131	20200131
1244116f-fdb5-5645-afcc-5281288409da	20200309	1	900000000000207008	900000000000534007	900000000000012004	20200309	20200309
1244116f-fdb5-5645-afcc-5281288409da	20200731	1	900000000000207008	900000000000534007	900000000000012004	20200731	20200731
1244116f-fdb5-5645-afcc-5281288409da	20210131	1	900000000000207008	900000000000534007	900000000000012004	20210131	20210131
1244116f-fdb5-5645-afcc-5281288409da	20210731	1	900000000000207008	900000000000534007	900000000000012004	20210731	20210731
1244116f-fdb5-5645-afcc-5281288409da	20210930	1	900000000000207008	900000000000534007	900000000000012004	20210930	20210930
1244116f-fdb5-5645-afcc-5281288409da	20211031	1	900000000000207008	900000000000534007	900000000000012004	20211031	20211031
1244116f-fdb5-5645-afcc-5281288409da	20211130	1	900000000000207008	900000000000534007	900000000000012004	20211130	20211130
1244116f-fdb5-5645-afcc-5281288409da	20220131	1	900000000000207008	900000000000534007	900000000000012004	20220131	20220131
1244116f-fdb5-5645-afcc-5281288409da	20220228	1	900000000000207008	900000000000534007	900000000000012004	20220228	20220228
1244116f-fdb5-5645-afcc-5281288409da	20220331	1	900000000000207008	900000000000534007	900000000000012004	20220331	20220331
1244116f-fdb5-5645-afcc-5281288409da	20220430	1	900000000000207008	900000000000534007	900000000000012004	20220430	20220430
1244116f-fdb5-5645-afcc-5281288409da	20220531	1	900000000000207008	900000000000534007	900000000000012004	20220531	20220531
1244116f-fdb5-5645-afcc-5281288409da	20220630	1	900000000000207008	900000000000534007	900000000000012004	20220630	20220630
1244116f-fdb5-5645-afcc-5281288409da	20220731	1	900000000000207008	900000000000534007	900000000000012004	20220731	20220731
1244116f-fdb5-5645-afcc-5281288409da	20220831	1	900000000000207008	900000000000534007	900000000000012004	20220831	20220831
1244116f-fdb5-5645-afcc-5281288409da	20220930	1	900000000000207008	900000000000534007	900000000000012004	20220930	20220930
1244116f-fdb5-5645-afcc-5281288409da	20221031	1	900000000000207008	900000000000534007	900000000000012004	20221031	20221031
1244116f-fdb5-5645-afcc-5281288409da	20221130	1	900000000000207008	900000000000534007	900000000000012004	20221130	20221130
1244116f-fdb5-5645-afcc-5281288409da	20221231	1	900000000000207008	900000000000534007	900000000000012004	20221231	20221231
1244116f-fdb5-5645-afcc-5281288409da	20230131	1	900000000000207008	900000000000534007	900000000000012004	20230131	20230131
1244116f-fdb5-5645-afcc-5281288409da	20230228	1	900000000000207008	900000000000534007	900000000000012004	20230228	20230228
1244116f-fdb5-5645-afcc-5281288409da	20230331	1	900000000000207008	900000000000534007	900000000000012004	20230331	20230331
1244116f-fdb5-5645-afcc-5281288409da	20230430	1	900000000000207008	900000000000534007	900000000000012004	20230430	20230430
1244116f-fdb5-5645-afcc-5281288409da	20230531	1	900000000000207008	900000000000534007	900000000000012004	20230531	20230531
1244116f-fdb5-5645-afcc-5281288409da	20230630	1	900000000000207008	900000000000534007	900000000000012004	20230630	20230630
1244116f-fdb5-5645-afcc-5281288409da	20230731	1	900000000000207008	900000000000534007	900000000000012004	20230731	20230731
1244116f-fdb5-5645-afcc-5281288409da	20230901	1	900000000000207008	900000000000534007	900000000000012004	20230901	20230901
1244116f-fdb5-5645-afcc-5281288409da	20231001	1	900000000000207008	900000000000534007	900000000000012004	20231001	20231001
1244116f-fdb5-5645-afcc-5281288409da	20231101	1	900000000000207008	900000000000534007	900000000000012004	20231101	20231101
1244116f-fdb5-5645-afcc-5281288409da	20231201	1	900000000000207008	900000000000534007	900000000000012004	20231201	20231201
1244116f-fdb5-5645-afcc-5281288409da	20240101	1	900000000000207008	900000000000534007	900000000000012004	20240101	20240101
1244116f-fdb5-5645-afcc-5281288409da	20240201	1	900000000000207008	900000000000534007	900000000000012004	20240201	20240201
1244116f-fdb5-5645-afcc-5281288409da	20240301	1	900000000000207008	900000000000534007	900000000000012004	20240301	20240301
1244116f-fdb5-5645-afcc-5281288409da	20240401	1	900000000000207008	900000000000534007	900000000000012004	20240401	20240401
1244116f-fdb5-5645-afcc-5281288409da	20240501	1	900000000000207008	900000000000534007	900000000000012004	20240501	20240501
1244116f-fdb5-5645-afcc-5281288409da	20240601	1	900000000000207008	900000000000534007	900000000000012004	20240601	20240601
1244116f-fdb5-5645-afcc-5281288409da	20240701	1	900000000000207008	900000000000534007	900000000000012004	20240701	20240701
1244116f-fdb5-5645-afcc-5281288409da	20240801	1	900000000000207008	900000000000534007	900000000000012004	20240801	20240801
1244116f-fdb5-5645-afcc-5281288409da	20240901	1	900000000000207008	900000000000534007	900000000000012004	20240901	20240901
1244116f-fdb5-5645-afcc-5281288409da	20241001	1	900000000000207008	900000000000534007	900000000000012004	20241001	20241001
686fe392-d2f7-586d-98aa-078aba426832	20130731	1	449080006	900000000000534007	900000000000207008	20130731	20130731
686fe392-d2f7-586d-98aa-078aba426832	20140131	1	449080006	900000000000534007	900000000000207008	20140131	20140131
686fe392-d2f7-586d-98aa-078aba426832	20140731	1	449080006	900000000000534007	900000000000207008	20140731	20140731
686fe392-d2f7-586d-98aa-078aba426832	20150131	1	449080006	900000000000534007	900000000000207008	20150131	20150131
686fe392-d2f7-586d-98aa-078aba426832	20150731	1	449080006	900000000000534007	900000000000207008	20150731	20150731
686fe392-d2f7-586d-98aa-078aba426832	20160131	1	449080006	900000000000534007	900000000000207008	20160131	20160131
686fe392-d2f7-586d-98aa-078aba426832	20160731	1	449080006	900000000000534007	900000000000207008	20160731	20160731
686fe392-d2f7-586d-98aa-078aba426832	20170131	1	449080006	900000000000534007	900000000000207008	20170131	20170131
686fe392-d2f7-586d-98aa-078aba426832	20170731	1	449080006	900000000000534007	900000000000207008	20170731	20170731
686fe392-d2f7-586d-98aa-078aba426832	20180131	1	449080006	900000000000534007	900000000000207008	20180131	20180131
686fe392-d2f7-586d-98aa-078aba426832	20180731	1	449080006	900000000000534007	900000000000207008	20180731	20180731
686fe392-d2f7-586d-98aa-078aba426832	20190131	1	449080006	900000000000534007	900000000000207008	20190131	20190131
686fe392-d2f7-586d-98aa-078aba426832	20190731	1	449080006	900000000000534007	900000000000207008	20190731	20190731
686fe392-d2f7-586d-98aa-078aba426832	20200131	1	449080006	900000000000534007	900000000000207008	20200131	20200131
686fe392-d2f7-586d-98aa-078aba426832	20200309	1	449080006	900000000000534007	900000000000207008	20200309	20200309
686fe392-d2f7-586d-98aa-078aba426832	20200731	1	449080006	900000000000534007	900000000000207008	20200731	20200731
686fe392-d2f7-586d-98aa-078aba426832	20210131	1	449080006	900000000000534007	900000000000207008	20210131	20210131
686fe392-d2f7-586d-98aa-078aba426832	20210731	1	449080006	900000000000534007	900000000000207008	20210731	20210731
686fe392-d2f7-586d-98aa-078aba426832	20210930	1	449080006	900000000000534007	900000000000207008	20210930	20210930
686fe392-d2f7-586d-98aa-078aba426832	20211031	1	449080006	900000000000534007	900000000000207008	20211031	20211031
686fe392-d2f7-586d-98aa-078aba426832	20211130	1	449080006	900000000000534007	900000000000207008	20211130	20211130
686fe392-d2f7-586d-98aa-078aba426832	20220131	1	449080006	900000000000534007	900000000000207008	20220131	20220131
686fe392-d2f7-586d-98aa-078aba426832	20220228	1	449080006	900000000000534007	900000000000207008	20220228	20220228
686fe392-d2f7-586d-98aa-078aba426832	20220331	1	449080006	900000000000534007	900000000000207008	20220331	20220331
686fe392-d2f7-586d-98aa-078aba426832	20220430	1	449080006	900000000000534007	900000000000207008	20220430	20220430
686fe392-d2f7-586d-98aa-078aba426832	20220531	1	449080006	900000000000534007	900000000000207008	20220531	20220531
686fe392-d2f7-586d-98aa-078aba426832	20220630	1	449080006	900000000000534007	900000000000207008	20220630	20220630
686fe392-d2f7-586d-98aa-078aba426832	20220731	1	449080006	900000000000534007	900000000000207008	20220731	20220731
686fe392-d2f7-586d-98aa-078aba426832	20220831	1	449080006	900000000000534007	900000000000207008	20220831	20220831
686fe392-d2f7-586d-98aa-078aba426832	20220930	1	449080006	900000000000534007	900000000000207008	20220930	20220930
686fe392-d2f7-586d-98aa-078aba426832	20221031	1	449080006	900000000000534007	900000000000207008	20221031	20221031
686fe392-d2f7-586d-98aa-078aba426832	20221130	1	449080006	900000000000534007	900000000000207008	20221130	20221130
686fe392-d2f7-586d-98aa-078aba426832	20221231	1	449080006	900000000000534007	900000000000207008	20221231	20221231
686fe392-d2f7-586d-98aa-078aba426832	20230131	1	449080006	900000000000534007	900000000000207008	20230131	20230131
686fe392-d2f7-586d-98aa-078aba426832	20230228	1	449080006	900000000000534007	900000000000207008	20230228	20230228
686fe392-d2f7-586d-98aa-078aba426832	20230331	1	449080006	900000000000534007	900000000000207008	20230331	20230331
686fe392-d2f7-586d-98aa-078aba426832	20230430	1	449080006	900000000000534007	900000000000207008	20230430	20230430
686fe392-d2f7-586d-98aa-078aba426832	20230531	1	449080006	900000000000534007	900000000000207008	20230531	20230531
686fe392-d2f7-586d-98aa-078aba426832	20230630	1	449080006	900000000000534007	900000000000207008	20230630	20230630
686fe392-d2f7-586d-98aa-078aba426832	20230731	1	449080006	900000000000534007	900000000000207008	20230731	20230731
686fe392-d2f7-586d-98aa-078aba426832	20230901	1	449080006	900000000000534007	900000000000207008	20230901	20230901
686fe392-d2f7-586d-98aa-078aba426832	20231001	1	449080006	900000000000534007	900000000000207008	20231001	20231001
686fe392-d2f7-586d-98aa-078aba426832	20231101	1	449080006	900000000000534007	900000000000207008	20231101	20231101
686fe392-d2f7-586d-98aa-078aba426832	20231201	1	449080006	900000000000534007	900000000000207008	20231201	20231201
686fe392-d2f7-586d-98aa-078aba426832	20240101	1	449080006	900000000000534007	900000000000207008	20240101	20240101
686fe392-d2f7-586d-98aa-078aba426832	20240201	1	449080006	900000000000534007	900000000000207008	20240201	20240201
686fe392-d2f7-586d-98aa-078aba426832	20240301	1	449080006	900000000000534007	900000000000207008	20240301	20240301
686fe392-d2f7-586d-98aa-078aba426832	20240401	1	449080006	900000000000534007	900000000000207008	20240401	20240401
686fe392-d2f7-586d-98aa-078aba426832	20240501	1	449080006	900000000000534007	900000000000207008	20240501	20240501
686fe392-d2f7-586d-98aa-078aba426832	20240601	1	449080006	900000000000534007	900000000000207008	20240601	20240601
686fe392-d2f7-586d-98aa-078aba426832	20240701	1	449080006	900000000000534007	900000000000207008	20240701	20240701
686fe392-d2f7-586d-98aa-078aba426832	20240801	1	449080006	900000000000534007	900000000000207008	20240801	20240801
686fe392-d2f7-586d-98aa-078aba426832	20240901	1	449080006	900000000000534007	900000000000207008	20240901	20240901
686fe392-d2f7-586d-98aa-078aba426832	20241001	1	449080006	900000000000534007	900000000000207008	20241001	20241001
b3f5eb17-831f-11ee-bd1c-38f3ab70978c	20241115	1	11000274103	900000000000534007	900000000000012004	20241115	20241001
6d6d2700-658a-b414-33b5-2c1d24f3cf8a	20241115	1	11000274103	900000000000534007	900000000000207008	20241115	20241001
