219267007
724064004
449795002
15726801000119106
721069005
39295002
447703009
211578002
31309002
57044006
1263721006
312999006
788880006
402315002
704284001
44054006
783254003
109641000
208624005
1264149000
95147007
39540007
355736000
246764005
81896006
717840005
722524005
69820004
296108003
123881006
12204004
17263003
446699002
724921009
449920007
447682005
704171000
16714009
770615001
721086004
427944007
86009008
402894005
721152005
870314008
64383006
1145245004
6628008
446456003
5963005
726609005
254691005
1279614008
195989002
297821000119103
204826004
286972004
371022006
1252734000
203934001
293484000
868216008
9771006
5313005
769158005
189280002
283520007
16703601000119109
733038005
700304006
11999241000119102
45181002
236670006
125657004
722035007
403291001
439461004
192044009
237683004
301864002
26532007
240422004
198385002
460918005
53162000
291617001
316561000119102
91951001
1260034003
11864961000119103
442701004
716279002
429059007
1230097004
448386004
263061006
726352003
1259493008
8445003
239731008
2312009
13491000119101
21419000
871681009
89576007
263204007
246826003
262738006
1826005
293405001
363227003
94937000
402200000
49362009
73787001
769167005
705078000
722830001
307224004
55652009
719819004
345481000119105
413994008
1230354001
43373009
277505007
448145002
253633003
767000001
714038006
403581008
11790921000119104
707210006
239985003
268185002
770652001
83172007
217651002
95376002
48273005
447919008
188326001
237285000
11226001
387778001
276692000
11811501000119105
13746004
78537008
296239005
15980951000119100
12237951000119105
1089101000119100
93309008
269722001
292641001
681721000119103
789061003
93223008
37770007
371160000
211972008
16697571000119103
719577000
399970005
94569002
703050003
724446001
1141647009
765194001
413905004
307320005
92855009
1306580005
724736002
109638009
1083431000119100
95364002
678821000119108
705220971000119104
722901007
253583004
238960002
95539004
716865000
35304003
874834005
126873003
59714007
92451008
104431000119107
397785000
191851001
282775007
764999002
283309008
72781000119105
441719005
63885004
443648003
726400003
236811000119101
203026005
262836004
109912006
94293008
54366004
840438001
1264072001
25956006
9707006
387801000
343421000119107
292190002
299737009
1186883000
43601000087109
93602005
292561000119109
767498008
5596004
11997881000119104
11830061000119100
92325007
718573009
1149451003
276669000
100721000119109
191465006
111646002
1187511005
737359009
277602003
388979002
211976006
1285590007
285395009
1231203009
402844009
240271006
11777561000119105
449034009
370473000
721326008
737187008
698477003
733089005
10847661000119100
15997351000119101
9463006
449711005
89441000119109
707148007
1003397007
127267002
276690008
238840009
34578006
298016002
28183005
242982004
269116003
209739006
46502006
94947002
15709001000119101
212383008
331231000119108
403852003
446392000
35266001
770761005
232284007
270903007
719164000
1010649005
235626005
66993009
846635004
713724000
16905261000119100
15676481000119107
62732009
210038008
44939003
445086005
74543003
24360007
87902006
99751000119103
724531005
262995003
1208725005
207788003
315254001
1240385007
337661000119105
717753000
202672001
240632000
736432009
1264089009
723716009
282772005
860951008
720261501000119107
1304291004
283708002
301769001
449604000
874900008
111932000
302161006
209755004
346711000119101
460906001
238080004
397936000
93319002
72057009
187058000
1157025007
15714841000119108
132261000119104
82632005
271986005
291217007
193195000
92388007
1197430005
423361002
16997008
95473006
860813007
448819009
293241000119100
405588004
195728004
441490006
440471007
205573006
870270005
72940007
239006001
92996006
109544003
1263476003
36175004
283985007
447684006
402425006
710798009
15704441000119108
733300002
59760009
1073241000119102
716006003
47402002
10631471000119108
5875001
109695005
472787007
297194001
35560008
74682007
124585001
342591000119104
262865005
344671000119109
15670321000119101
48922006
200971003
282446002
733379002
26780008
74372003
367571000119109
735910003
449534004
89057003
123911000
20736003
722535000
201025002
191527001
230280008
15723401000119103
236101007
296173006
283939009
292591000119102
404006002
349401000119100
70000009
123977005
700449008
240306004
62440002
333581000119106
300982005
1251387004
448100001
109248001
704249000
253615009
1083651000119108
347261000119106
109983007
35786001
737307003
609595009
111762003
10970611000119108
471875005
1231722004
57918009
205768003
715991005
95620003
111929003
1145402008
362972006
88277007
278065000
44655008
276616001
402802003
11263005
34041001
94368009
24606006
234109007
253513005
283331000
723888006
1259129005
78523004
198460007
11818571000119105
1255809000
449037002
232419008
62871001
1343652006
94326009
15713841000119106
447663001
236011003
189414002
124674009
1079861000119101
94134006
449774007
239839002
414916001
64638002
405257002
157266009
93387008
336871000119102
88854002
447897005
766706007
408418009
95028006
86352002
301501000119107
713895003
15927021000119103
337301000119104
896774004
93923002
242832005
84821000119100
1077861000119105
15638971000119100
229720008
402255002
15953741000119104
16291381000119103
429437003
237851007
196035006
11829061000119106
53619000
1085341000119103
1304285001
253285007
45142002
450886002
209671007
1259355004
64615000
53660007
281109007
194950003
400158000
610412651000119100
92685001
25472008
93061002
4039009
16698581000119101
67987005
735465007
123807007
23914009
717822006
273983009
860826006
93864006
10608000
26480007
24610009
735422006
77296004
195363007
472854004
771516000
1092901000119107
73583000
204272007
278508007
127337006
332371000119107
199531009
283620001
2366001
205707006
313434001
679381000119109
344281000119105
31786009
34541000087107
1296711000
726029005
15987031000119108
267220001
14021000119107
304233007
42746002
242987005
1264131000
733257009
1254884001
62815003
10749641000119106
737339005
733352001
199746004
191501001
1156801007
241787001
1255035003
1306873004
230278002
722466009
290411000119106
443439001
11307561000119101
254678009
362991006
321131000119100
736313002
93248006
354461000119102
713831005
202883008
10837141000119109
70273001
16008231000119108
1052205008
11839121000119103
448727008
737338002
399088004
702580007
688061000119104
1290855007
52539004
208940006
15687001000119102
1255285000
734016004
29951006
293502001
871499007
276866009
14261008
293354007
263155005
1296987003
783549006
428745004
725903003
705088004
295636004
110180005
240137005
1172640002
413843002
315161000119104
198620003
69282001
767665008
66429007
11839051000119107
35962006
1119266006
1144940005
6849006
236703003
713891007
9484001
16279005
409804001
211257004
202242000
76160002
210556002
80961000
402415001
771144005
681131000119101
17759006
1296851009
15932101000119105
403454005
408678008
94880005
420024000
16711071000119107
447654003
449409002
92071005
346091000119108
58306008
271088009
283928006
22591001
201667007
315027009
195412008
240440000
293336008
235128005
1187171005
410022000
10627671000119104
722668001
449253005
1197728007
74732009
403668007
16015991000119106
301828003
446620009
825003
109828002
86214000
95212006
830049001
191597008
459175006
66751000
444896005
109580003
788467004
238878006
95375003
187722004
291711000119109
373135009
253763002
10966721000119102
5939002
427488005
53378008
92825002
397549002
10680005
186854007
722168002
400129003
473372009
773587008
10666711000119108
219428004
209134006
193756007
50242001
1085006
1259546003
402927009
241790007
1208884000
45920002
399165002
124411002
721432002
236036009
1259491005
1263980004
697897003
1300215004
281579001
9918001
403905005
1162504009
1176981005
1153376004
291852007
193206003
23096007
296414003
276667003
124441000
93441003
421966007
446242003
173300003
93939009
788904003
403100001
232257006
230610006
123655009
473163005
1144897006
125662003
190406000
109852009
237622006
697944008
1258870003
293373006
92903007
63725005
42484009
240855004
236092009
1295481000
201562009
300940006
254887002
721801005
363125002
15920201000119103
238575004
44882003
93610006
94305009
367506006
239900005
1074941000119105
283210001
212005009
94870006
283489007
191559008
769190000
423533009
332041000119102
20958005
346021000119106
10628871000119101
363013003
302909007
68618008
123616008
86423004
23269001
57220000
418175004
15733281000119105
423051001
735611002
721177006
292278006
234426009
890419006
208557001
699293000
762328006
51623004
1157071000
515027091000119100
716248001
416212005
726394000
29935003
202279002
50253007
29281000175106
230413002
91060006
52506002
88531004
296245002
2213002
238419002
432777003
253993003
193577007
402822004
211509006
823022009
410429000
431421000124103
767134003
196107009
737243006
722631004
200836002
127141001
269281006
241979006
313428008
295268000
47757001
109319005
283574001
200984007
760838291000119102
1263545007
473262008
230363006
1208477000
203522001
426570007
41601000087105
79720007
9426002
209280003
92246000
236502006
719403003
45571007
78697003
1145209002
94154007
783416000
840480002
403320008
334631000119107
51766000
234383000
46252003
92740007
16738008
403511003
196885001
420181007
291256001
11805691000119100
238381008
238952003
187726001
771269000
719468005
709667001
247476001
10637071000119109
31906004
43941006
43001000087102
1003616006
1187215002
733139004
16668007
722938007
10626591000119104
28987007
1217046003
4611000119106
43854003
763884007
444794000
26745009
336061000119102
14457000
770588002
766934006
783096008
213377002
63501000
403463007
1260071001
75548002
871663006
370502006
281587000
55912009
61998001
240129002
52016003
1187539006
840309000
11770731000119105
14096004
418763003
422504002
43416006
699381006
128137003
70120007
1142124009
1306530004
60313005
105654000
307319004
341441000119102
186639003
700291008
19241004
254662007
707623008
91843000
1087961000119107
10674871000119105
707479004
448259002
211634000
291803008
195383008
286351000119103
1254658009
254416009
721768006
15133000
840460003
15928021000119102
200641008
38727009
84063009
10954781000119103
1142077001
1197292002
15531007
36078000
403808006
15704041000119103
240813008
12864009
283905005
251161003
292280000
16745931000119102
369533004
339851000119104
402505009
836482000
90685008
316621000119106
1268386004
413217006
95425001
721457007
28143002
447043009
198179003
238998002
237594007
64716005
275454002
240409007
707454002
140051000119109
1098281000000102
292040004
128065004
25424007
16740891000119102
890400001
271558008
11096003
1231267007
1003558000
672501000119104
724717007
733183008
204501003
68963006
282076000
212926006
1234776000
49482007
874939004
19943007
17182001
42429001
15934741000119102
1259384008
723411003
81060008
31752000
1296744006
93748005
192713006
429975007
